2.400000    -4.950000      5.800000    54.000000  -177.479015    -4.309029  -181.788046  -179.064000     -3.002400  -182.066400  -170.737233    -5.181149  -175.918382
2.400000    -4.950000      5.800000    36.000000   -93.033546    -2.650093   -95.683640   -93.834000     -1.850400   -95.684400   -88.763466    -3.272137   -92.035603
2.400000    -4.950000      5.800000    18.000000   -29.827838    -1.078989   -30.906829   -30.175200     -0.725400   -30.900600   -27.911228    -1.426026   -29.337254
2.400000    -4.950000      5.800000    10.000000   -12.048714    -0.532986   -12.581701   -12.105000     -0.391000   -12.496000   -11.067161    -0.743645   -11.810806
0.0000  0.000  0.000  54.00000  -176.124135     -4.505490  -180.629628  -179.064000    -3.002400  -182.066400  -170.737233     -5.181149  -175.918382
0.0000  0.000  0.000  36.00000   -92.390706     -2.761942   -95.152646   -93.834000    -1.850400   -95.684400   -88.763466     -3.272137   -92.035603
0.0000  0.000  0.000  18.00000   -29.697028     -1.111572   -30.808605   -30.175200    -0.725400   -30.900600   -27.911228     -1.426026   -29.337254
0.0000  0.000  0.000  10.00000   -12.019116     -0.546124   -12.565240   -12.105000    -0.391000   -12.496000   -11.067161     -0.743645   -11.810806
0.0000  0.000  0.000  54.0000  -176.880855     -4.385166  -181.266018  -179.064000    -3.002400  -182.066400  -170.737233     -5.181149  -175.918382
0.0000  0.000  0.000  36.0000   -92.642426     -2.705752   -95.348176   -93.834000    -1.850400   -95.684400   -88.763466     -3.272137   -92.035603
0.0000  0.000  0.000  18.0000   -29.621498     -1.114090   -30.735584   -30.175200    -0.725400   -30.900600   -27.911228     -1.426026   -29.337254
0.0000  0.000  0.000  10.0000   -11.943617     -0.552953   -12.496570   -12.105000    -0.391000   -12.496000   -11.067161     -0.743645   -11.810806

